%YAML:1.0

#--------------------------------------------------------------------------------------------
# Camera Parameters. Adjust them!
#--------------------------------------------------------------------------------------------

# Camera calibration and distortion parameters (OpenCV) 
Camera.fx: 377.762083
Camera.fy: 378.987028
Camera.cx: 326.365851
Camera.cy: 178.428563

#Camera.k1: -0.335524
#Camera.k2: 0.082469
#Camera.p1: 0.002508
#camera.p2: 0.003777

Camera.k1: 0.0
Camera.k2: 0.0
Camera.p1: 0.0
camera.p2: 0.0


Camera.width: 640
Camera.height: 360

# Camera frames per second 
Camera.fps: 16.0

# stereo baseline times fx
Camera.bf: 37.982136206

# Color order of the images (0: BGR, 1: RGB. It is ignored if images are grayscale)
Camera.RGB: 1

# Close/Far threshold. Baseline times.
ThDepth: 100

#--------------------------------------------------------------------------------------------
# Stereo Rectification. Only if you need to pre-rectify the images.
# Camera.fx, .fy, etc must be the same as in LEFT.P
#--------------------------------------------------------------------------------------------
LEFT.height: 360
LEFT.width: 640
LEFT.D: !!opencv-matrix
   rows: 1
   cols: 5
   dt: d
   data: [-0.34806475000751247, 0.09068900940251991, -0.0026812388559607956, -0.0021535802357657125, 0.0]
LEFT.K: !!opencv-matrix
   rows: 3
   cols: 3
   dt: d
   data: [377.7620831547976, 0.0, 326.36585134259747, 0.0, 378.9870278742682, 178.42856326994325, 0.0, 0.0, 1.0]
LEFT.R:  !!opencv-matrix
   rows: 3
   cols: 3
   dt: d
   data: [0.9996251782161947, 0.0030748976739953717, 0.027203824740937424, -0.003005303987583382, 0.9999921072986322, -0.002598747464287405, -0.02721160091180593, 0.0025160176341557025, 0.9996265294754242]
LEFT.P:  !!opencv-matrix
   rows: 3
   cols: 4
   dt: d
   data: [348.885502908048, 0.0, 299.343994140625, 0.0, 0.0, 348.885502908048, 176.53795051574707, 0.0, 0.0, 0.0, 1.0, 0.0]

RIGHT.height: 360
RIGHT.width: 640
RIGHT.D: !!opencv-matrix
   rows: 1
   cols: 5
   dt: d
   data: [-0.3684874186416987, 0.11046083608467877, -0.00151788293852993, 0.000756362674667411, 0.0]
RIGHT.K: !!opencv-matrix
   rows: 3
   cols: 3
   dt: d
   data: [381.1647093831589, 0.0, 292.4799251802673, 0.0, 381.73899877562826, 178.34045326908435, 0.0, 0.0, 1.0]
RIGHT.R:  !!opencv-matrix
   rows: 3
   cols: 3
   dt: d
   data: [0.9999168101919375, 0.010203906968452676, 0.007890055650004465, -0.010224053794310226, 0.9999445643262105, 0.0025173395631035715, -0.007863931560743363, -0.0025977984995142556, 0.9999657044235886]
RIGHT.P:  !!opencv-matrix
   rows: 3
   cols: 4
   dt: d
   data: [348.885502908048, 0.0, 299.343994140625, -35.132175395786135, 0.0, 348.885502908048, 176.53795051574707, 0.0, 0.0, 0.0, 1.0, 0.0]

#--------------------------------------------------------------------------------------------
# ORB Parameters
#--------------------------------------------------------------------------------------------

# ORB Extractor: Number of features per image
ORBextractor.nFeatures: 1300

# ORB Extractor: Scale factor between levels in the scale pyramid 	
ORBextractor.scaleFactor: 1.2

# ORB Extractor: Number of levels in the scale pyramid	
ORBextractor.nLevels: 8

# ORB Extractor: Fast threshold
# Image is divided in a grid. At each cell FAST are extracted imposing a minimum response.
# Firstly we impose iniThFAST. If no corners are detected we impose a lower value minThFAST
# You can lower these values if your images have low contrast			
ORBextractor.iniThFAST: 20
ORBextractor.minThFAST: 10

#--------------------------------------------------------------------------------------------
# Viewer Parameters
#--------------------------------------------------------------------------------------------
Viewer.KeyFrameSize: 0.05
Viewer.KeyFrameLineWidth: 1
Viewer.GraphLineWidth: 0.9
Viewer.PointSize:2
Viewer.CameraSize: 0.08
Viewer.CameraLineWidth: 3
Viewer.ViewpointX: 0
Viewer.ViewpointY: -0.7
Viewer.ViewpointZ: -1.8
Viewer.ViewpointF: 500

