1.000000000 0.000000000 0.000000000 0.000000000 0.000000000 1.000000000 0.000000000 0.000000000 0.000000000 0.000000000 1.000000000 0.000000000
1.000000000 0.000118897 -0.000116042 -0.000115367 -0.000118908 1.000000000 -0.000093082 0.000223687 0.000116031 0.000093096 1.000000000 0.000545103
1.000000000 -0.000075410 -0.000138482 -0.000067741 0.000075421 1.000000000 0.000081510 0.000075881 0.000138476 -0.000081521 1.000000000 0.000278730
1.000000000 0.000006563 -0.000012680 -0.000082509 -0.000006564 1.000000000 -0.000072174 0.000054784 0.000012680 0.000072174 1.000000000 0.000205117
1.000000000 0.000078556 -0.000118435 0.000040084 -0.000078549 1.000000000 0.000056822 0.000035020 0.000118440 -0.000056812 1.000000000 0.000175032
0.999999940 0.000209147 -0.000237951 0.000360964 -0.000209173 1.000000000 -0.000109410 0.000150753 0.000237928 0.000109460 0.999999940 0.000345578
1.000000000 0.000228263 -0.000055435 0.000004124 -0.000228263 1.000000000 0.000008445 0.000043443 0.000055437 -0.000008432 1.000000000 0.000001321
1.000000000 0.000057162 -0.000068460 -0.000026280 -0.000057161 1.000000000 0.000018753 0.000024802 0.000068461 -0.000018749 1.000000000 0.000014892
0.999999940 0.000272917 -0.000080940 -0.000005497 -0.000272919 0.999999940 -0.000022689 0.000051167 0.000080934 0.000022711 1.000000000 0.000164390
0.999999940 0.000262163 -0.000088755 0.000036115 -0.000262165 0.999999940 -0.000019327 0.000088939 0.000088750 0.000019351 1.000000000 0.000389589
1.000000000 0.000205207 -0.000100334 0.000057194 -0.000205205 1.000000000 0.000022615 -0.000018231 0.000100338 -0.000022594 1.000000000 0.000573819
1.000000000 0.000067463 -0.000061775 -0.000050850 -0.000067461 1.000000000 0.000041260 -0.000077122 0.000061778 -0.000041256 1.000000000 0.000197191
1.000000000 0.000106404 -0.000031726 -0.000150394 -0.000106403 1.000000000 0.000053838 0.000037928 0.000031732 -0.000053834 1.000000000 0.000069776
1.000000000 0.000110164 -0.000055037 -0.000044183 -0.000110163 1.000000000 0.000015230 -0.000015583 0.000055039 -0.000015224 1.000000000 0.000242158
0.999999940 0.000233720 -0.000092106 -0.000056038 -0.000233718 1.000000000 0.000017839 0.000062557 0.000092110 -0.000017817 1.000000000 0.000261987
1.000000000 0.000145338 -0.000190143 0.000095296 -0.000145326 1.000000000 0.000066014 0.000053377 0.000190153 -0.000065987 1.000000000 0.000223716
0.999999881 0.000491386 -0.000120396 -0.000059788 -0.000491377 0.999999881 0.000073914 -0.000004694 0.000120432 -0.000073854 1.000000000 0.000266032
1.000000000 -0.000100018 -0.000172835 0.000112638 0.000100023 1.000000000 0.000026283 0.000249907 0.000172832 -0.000026300 1.000000000 0.000330843
0.999999940 0.000341133 -0.000147157 0.000021358 -0.000341137 0.999999940 -0.000030813 0.000025052 0.000147146 0.000030863 1.000000000 0.000036507
1.000000000 0.000031694 -0.000138673 0.000076128 -0.000031704 1.000000000 -0.000071471 0.000113488 0.000138671 0.000071475 1.000000000 0.000321853
0.999999940 0.000300986 -0.000090278 0.000001376 -0.000300994 0.999999940 -0.000085786 0.000158184 0.000090252 0.000085814 1.000000000 0.000047223
1.000000000 0.000081007 0.000007104 -0.000069892 -0.000081007 1.000000000 0.000042507 -0.000013243 -0.000007101 -0.000042508 1.000000000 0.000163569
1.000000000 0.000040639 0.000002985 0.000019774 -0.000040639 1.000000000 0.000014282 -0.000021838 -0.000002984 -0.000014282 1.000000000 0.000011199
1.000000000 0.000071107 -0.000047906 0.000007122 -0.000071105 1.000000000 0.000040663 -0.000023225 0.000047909 -0.000040660 1.000000000 0.000288951
1.000000000 0.000240060 0.000012784 -0.000103983 -0.000240059 1.000000000 -0.000021982 0.000012861 -0.000012789 0.000021979 1.000000000 0.000356449
1.000000000 0.000075700 0.000108315 -0.000178537 -0.000075697 1.000000000 -0.000030071 -0.000016772 -0.000108318 0.000030063 1.000000000 0.000162425
0.999999940 0.000248317 0.000020875 -0.000267518 -0.000248316 0.999999940 -0.000028252 0.000115501 -0.000020882 0.000028247 1.000000000 0.000148191
1.000000000 0.000041704 -0.000008276 -0.000058099 -0.000041704 1.000000000 0.000046885 0.000039428 0.000008278 -0.000046885 1.000000000 0.000278845
1.000000000 -0.000039989 0.000013315 -0.000049107 0.000039988 1.000000000 0.000016540 0.000080992 -0.000013316 -0.000016540 1.000000000 0.000232961
1.000000000 0.000083514 -0.000065909 -0.000049565 -0.000083514 1.000000000 -0.000002020 0.000116065 0.000065909 0.000002025 1.000000000 0.000222843
1.000000000 0.000139847 0.000009776 -0.000150648 -0.000139847 1.000000000 -0.000003007 0.000045783 -0.000009777 0.000003006 1.000000000 -0.000010746
1.000000000 -0.000015741 -0.000069716 -0.000077387 0.000015739 1.000000000 -0.000028752 0.000076231 0.000069716 0.000028751 1.000000000 0.000408689
1.000000000 -0.000090907 0.000061284 -0.000238371 0.000090911 1.000000000 -0.000053278 0.000185789 -0.000061279 0.000053283 1.000000000 0.000404303
1.000000000 0.000156941 0.000024630 -0.000059874 -0.000156941 1.000000000 -0.000016694 0.000034508 -0.000024632 0.000016690 1.000000000 0.000237822
1.000000000 0.000186691 -0.000031870 -0.000005384 -0.000186693 1.000000000 -0.000047908 0.000065074 0.000031862 0.000047914 1.000000000 -0.000095141
1.000000000 0.000165557 0.000035838 -0.000109308 -0.000165557 1.000000000 0.000006509 0.000023589 -0.000035836 -0.000006515 1.000000000 0.000361978
1.000000000 0.000124322 0.000013891 -0.000084825 -0.000124322 1.000000000 0.000009307 0.000032308 -0.000013890 -0.000009309 1.000000000 0.000267251
1.000000000 0.000097209 -0.000086449 -0.000091181 -0.000097209 1.000000000 0.000003441 0.000110012 0.000086449 -0.000003433 1.000000000 0.000197085
0.999999940 0.000278814 -0.000046956 -0.000117863 -0.000278809 0.999999940 0.000118145 -0.000035045 0.000046988 -0.000118132 1.000000000 0.000178317
1.000000000 -0.000022119 0.000088726 -0.000016399 0.000022127 1.000000000 -0.000092818 0.000102549 -0.000088724 0.000092820 1.000000000 -0.000242830
0.999999940 0.000213562 0.000127156 -0.000185088 -0.000213562 1.000000000 -0.000001970 0.000053259 -0.000127157 0.000001943 1.000000000 0.000027047
1.000000000 0.000164887 0.000014621 -0.000082788 -0.000164888 1.000000000 0.000072557 0.000025726 -0.000014609 -0.000072559 1.000000000 0.000276826
0.999999940 0.000250213 0.000035741 -0.000013068 -0.000250208 0.999999940 -0.000140661 0.000084390 -0.000035776 0.000140652 1.000000000 -0.000133491
1.000000000 0.000175026 0.000061501 -0.000102096 -0.000175028 1.000000000 0.000037951 -0.000024081 -0.000061494 -0.000037961 1.000000000 0.000031596
1.000000000 0.000143526 0.000101326 -0.000184982 -0.000143526 1.000000000 0.000002613 0.000088508 -0.000101325 -0.000002627 1.000000000 -0.000000185
1.000000000 0.000062378 -0.000014385 0.000102875 -0.000062379 1.000000000 -0.000045262 0.000035393 0.000014382 0.000045262 1.000000000 -0.000115562
0.999999940 0.000296453 0.000009917 -0.000071645 -0.000296452 0.999999940 -0.000093650 0.000204893 -0.000009945 0.000093647 1.000000000 0.000258926
1.000000000 -0.000022833 0.000051229 -0.000078099 0.000022831 1.000000000 0.000034215 0.000062319 -0.000051230 -0.000034213 1.000000000 0.000074528
1.000000000 0.000037010 0.000023334 -0.000046597 -0.000037009 1.000000000 -0.000049028 0.000075398 -0.000023336 0.000049027 1.000000000 0.000180253
1.000000000 0.000211855 -0.000015711 -0.000165282 -0.000211855 1.000000000 -0.000008430 0.000049459 0.000015709 0.000008434 1.000000000 0.000124434
1.000000000 0.000105434 0.000017043 -0.000033340 -0.000105433 1.000000000 -0.000105672 0.000042581 -0.000017054 0.000105670 1.000000000 0.000128472
1.000000000 0.000050660 0.000089912 -0.000302607 -0.000050650 1.000000000 -0.000111738 0.000155101 -0.000089917 0.000111733 1.000000000 0.000080859
1.000000000 0.000201622 -0.000056653 0.000022976 -0.000201625 1.000000000 -0.000056143 0.000001698 0.000056642 0.000056155 1.000000000 0.000255642
1.000000000 0.000013310 0.000000946 -0.000054223 -0.000013310 1.000000000 -0.000000865 0.000048590 -0.000000946 0.000000865 1.000000000 0.000308896
1.000000000 0.000072776 0.000013767 -0.000109592 -0.000072775 1.000000000 -0.000045969 0.000052469 -0.000013771 0.000045968 1.000000000 0.000157661
1.000000000 0.000044038 0.000009617 -0.000082553 -0.000044037 1.000000000 -0.000043316 0.000087754 -0.000009619 0.000043315 1.000000000 0.000159299
1.000000000 -0.000050342 -0.000023853 -0.000065624 0.000050342 1.000000000 0.000026132 -0.000039020 0.000023851 -0.000026134 1.000000000 0.000413439
1.000000000 0.000180973 -0.000041670 -0.000077233 -0.000180973 1.000000000 0.000017009 0.000013423 0.000041673 -0.000017002 1.000000000 -0.000100071
1.000000000 0.000038561 -0.000069423 0.000025559 -0.000038561 1.000000000 -0.000009776 -0.000099375 0.000069423 0.000009778 1.000000000 -0.000065245
1.000000000 0.000064684 -0.000032714 0.000025788 -0.000064683 1.000000000 0.000028191 0.000052354 0.000032716 -0.000028189 1.000000000 -0.000193255
1.000000000 0.000186331 -0.000061557 -0.000022417 -0.000186328 1.000000000 0.000042575 -0.000073236 0.000061565 -0.000042563 1.000000000 0.000037679
0.999999940 0.000280440 0.000051570 -0.000198160 -0.000280440 0.999999940 -0.000013649 0.000066963 -0.000051574 0.000013635 1.000000000 0.000069962
1.000000000 0.000130500 0.000029835 -0.000043760 -0.000130499 1.000000000 -0.000039172 0.000031767 -0.000029841 0.000039168 1.000000000 0.000260488
1.000000000 0.000160388 -0.000006935 0.000033200 -0.000160389 1.000000000 -0.000099606 0.000109460 0.000006919 0.000099607 1.000000000 0.000060306
1.000000000 0.000047959 -0.000038591 0.000033719 -0.000047960 1.000000000 -0.000024866 0.000060984 0.000038590 0.000024868 1.000000000 0.000222025
0.999999940 0.000380752 0.000015571 0.000032616 -0.000380752 0.999999940 -0.000020302 0.000087655 -0.000015579 0.000020296 1.000000000 -0.000020537
1.000000000 0.000034239 -0.000027596 -0.000032222 -0.000034239 1.000000000 -0.000010015 0.000037320 0.000027595 0.000010016 1.000000000 -0.000103357
1.000000000 -0.000047822 -0.000043442 0.000046469 0.000047821 1.000000000 -0.000008700 -0.000002260 0.000043442 0.000008698 1.000000000 0.000343601
1.000000000 -0.000016073 0.000007287 -0.000080453 0.000016073 1.000000000 0.000101556 -0.000035929 -0.000007288 -0.000101556 1.000000000 -0.000035070
1.000000000 0.000108450 -0.000006209 -0.000081421 -0.000108450 1.000000000 -0.000032920 0.000096818 0.000006205 0.000032921 1.000000000 -0.000037672
1.000000000 0.000153043 0.000063651 -0.000044853 -0.000153042 1.000000000 -0.000009046 0.000019003 -0.000063652 0.000009036 1.000000000 0.000180800
0.999999881 0.000508370 0.000015901 -0.000295771 -0.000508370 0.999999881 0.000038069 0.000159824 -0.000015882 -0.000038077 1.000000000 -0.000352110
0.999999940 0.000290002 -0.000006611 -0.000169885 -0.000290002 0.999999940 0.000056319 0.000007273 0.000006627 -0.000056317 1.000000000 -0.000077510
1.000000000 0.000220968 -0.000026609 -0.000096533 -0.000220966 0.999999940 0.000105667 0.000036311 0.000026632 -0.000105661 1.000000000 0.000150480
1.000000000 -0.000011761 -0.000025581 -0.000293448 0.000011762 1.000000000 0.000064703 0.000027726 0.000025580 -0.000064703 1.000000000 -0.000029650
0.999999940 0.000173478 -0.000268235 -0.000000062 -0.000173489 1.000000000 -0.000041055 0.000137959 0.000268228 0.000041102 0.999999940 -0.000013551
1.000000000 0.000197257 0.000014643 -0.000015266 -0.000197259 1.000000000 0.000114412 -0.000060094 -0.000014621 -0.000114415 1.000000000 0.000119331
0.999999940 0.000201816 -0.000206484 0.000059689 -0.000201819 1.000000000 -0.000012901 0.000081346 0.000206481 0.000012942 1.000000000 0.000011589
1.000000000 0.000077742 -0.000114908 0.000045755 -0.000077755 1.000000000 -0.000111688 0.000089462 0.000114899 0.000111697 1.000000000 -0.000343962
0.999999940 0.000305056 -0.000037523 -0.000024524 -0.000305050 0.999999940 0.000171228 -0.000007204 0.000037575 -0.000171216 1.000000000 -0.000201129
1.000000000 -0.000099955 -0.000155849 -0.000104334 0.000099960 1.000000000 0.000033528 0.000149000 0.000155846 -0.000033543 1.000000000 -0.000015448
0.999999940 0.000283728 0.000141618 0.000016576 -0.000283719 0.999999940 -0.000062679 0.000072149 -0.000141636 0.000062639 1.000000000 -0.000496106
1.000000000 0.000052536 -0.000200806 -0.000051006 -0.000052540 1.000000000 -0.000015748 0.000094788 0.000200805 0.000015759 1.000000000 -0.000167697
1.000000000 -0.000094406 -0.000017292 0.000100893 0.000094400 0.999999940 -0.000332665 0.000197784 0.000017323 0.000332663 0.999999940 -0.000197806
1.000000000 0.000080241 -0.000016480 0.000062780 -0.000080242 1.000000000 -0.000055415 0.000070802 0.000016476 0.000055416 1.000000000 -0.000058002
0.999999940 0.000290749 -0.000116475 0.000047543 -0.000290862 0.999999464 -0.000968066 0.000316297 0.000116193 0.000968100 0.999999523 -0.000615733
1.000000000 0.000130970 0.000012611 -0.000227153 -0.000130971 1.000000000 0.000093674 -0.000028590 -0.000012599 -0.000093676 1.000000000 0.000146669
1.000000000 0.000002885 -0.000165756 0.000071296 -0.000002901 1.000000000 -0.000093901 0.000029350 0.000165756 0.000093902 1.000000000 -0.000001641
1.000000000 -0.000079483 -0.000066625 0.000320847 0.000079470 1.000000000 -0.000208556 0.000133557 0.000066642 0.000208551 1.000000000 -0.000290569
1.000000000 0.000093299 -0.000045722 0.000237216 -0.000093313 0.999999940 -0.000297330 0.000196058 0.000045694 0.000297334 0.999999940 -0.000323515
1.000000000 0.000170835 -0.000154581 0.000030428 -0.000170844 1.000000000 -0.000058344 0.000040447 0.000154571 0.000058370 1.000000000 0.000224213
0.999999940 0.000292323 -0.000070235 0.000062109 -0.000292355 0.999999821 -0.000462428 0.000230986 0.000070100 0.000462448 0.999999881 0.000024631
0.999999881 0.000383234 -0.000253078 0.000344380 -0.000383248 0.999999940 -0.000053923 0.000144292 0.000253057 0.000054020 0.999999940 -0.000204870
0.999999881 0.000416701 -0.000192930 0.000052240 -0.000416765 0.999999881 -0.000335982 0.000092255 0.000192790 0.000336062 0.999999940 0.000207535
0.999999821 0.000590102 -0.000160663 0.000258841 -0.000590402 0.999998033 -0.001878232 0.000597536 0.000159554 0.001878326 0.999998212 0.000339193
0.999999940 0.000285154 -0.000066179 0.000381903 -0.000285333 0.999996245 -0.002718113 0.000516436 0.000065404 0.002718132 0.999996305 0.000488028
0.999999464 0.000996528 -0.000356985 0.001185813 -0.000997906 0.999991953 -0.003880421 0.001112963 0.000353115 0.003880775 0.999992430 -0.002996729
0.999999166 0.001261249 0.000142192 -0.000572944 -0.001260399 0.999982238 -0.005827429 0.001150287 -0.000149539 0.005827245 0.999983013 0.000060958
0.999998868 0.001500152 0.000149400 -0.000275494 -0.001499112 0.999976218 -0.006732611 0.001448358 -0.000159497 0.006732380 0.999977350 -0.001580104
0.999999046 0.001106366 0.000809248 -0.003074826 -0.001100390 0.999972403 -0.007347983 0.002698338 -0.000817356 0.007347086 0.999972701 -0.000991313
0.999998689 0.001613718 0.000008590 0.000242311 -0.001613644 0.999982715 -0.005655114 0.000691415 -0.000017715 0.005655093 0.999984026 -0.000913825
0.999998987 0.001397470 0.000304763 -0.000457271 -0.001395283 0.999974072 -0.007061305 0.000310910 -0.000314623 0.007060873 0.999975026 -0.000618776
0.999999106 0.001340351 0.000163964 -0.000108592 -0.001339051 0.999969542 -0.007689731 0.000845064 -0.000174265 0.007689505 0.999970436 -0.001413624
0.999998629 0.001651464 0.000050749 -0.000196226 -0.001651096 0.999977171 -0.006548394 0.001187124 -0.000061563 0.006548302 0.999978542 -0.001750933
0.999998748 0.001555153 0.000278789 -0.000015656 -0.001552852 0.999966204 -0.008073568 0.000474276 -0.000291335 0.008073125 0.999967396 -0.000397213
0.999998808 0.001482870 0.000484233 -0.001244467 -0.001480240 0.999984384 -0.005387820 -0.000763563 -0.000492215 0.005387097 0.999985397 -0.000565458
0.999998808 0.001532390 0.000193783 -0.000645285 -0.001531319 0.999984205 -0.005410158 0.000887152 -0.000202071 0.005409855 0.999985337 -0.000162331
0.999998569 0.001682106 -0.000087262 0.000253203 -0.001682588 0.999981463 -0.005851574 0.000705018 0.000077418 0.005851713 0.999982893 -0.000893063
0.999998033 0.001972361 0.000093868 -0.000364632 -0.001971704 0.999976635 -0.006548473 0.000418919 -0.000106782 0.006548275 0.999978542 -0.000054436
0.999999046 0.001358888 -0.000202559 0.000612323 -0.001360141 0.999979138 -0.006318576 0.001141132 0.000193968 0.006318845 0.999980032 0.000321443
0.999998987 0.001408164 -0.000061472 0.000697608 -0.001408557 0.999975026 -0.006928182 0.001928766 0.000051714 0.006928262 0.999975979 -0.001058266
0.999998629 0.001617719 0.000281523 -0.000464513 -0.001616080 0.999982297 -0.005727594 0.000608065 -0.000290783 0.005727131 0.999983549 -0.000300793
0.999998748 0.001432907 0.000639093 -0.000751335 -0.001429163 0.999982059 -0.005820344 0.000667577 -0.000647422 0.005819423 0.999982834 -0.001450005
0.999998212 0.001798185 0.000562124 -0.000224452 -0.001793584 0.999965727 -0.008081511 0.000700742 -0.000576637 0.008080488 0.999967158 -0.000571176
0.999999166 0.001204032 0.000411984 -0.000431783 -0.001201582 0.999981880 -0.005895932 0.000735825 -0.000419075 0.005895432 0.999982536 -0.001034207
0.999999464 0.000926960 0.000435533 -0.000110409 -0.000924407 0.999982595 -0.005826119 -0.000390208 -0.000440927 0.005825713 0.999982953 -0.001401904
0.999996901 0.000288255 -0.002463078 0.000166763 -0.000298652 0.999991119 -0.004221939 -0.000589184 0.002461839 0.004222661 0.999988079 -0.001199862
0.999995887 0.001042792 -0.002657630 0.000281800 -0.001057546 0.999983966 -0.005556433 -0.000525207 0.002651793 0.005559221 0.999981105 -0.000190116
0.999996603 0.000930013 -0.002438482 0.000088752 -0.000942590 0.999986291 -0.005161519 -0.000534753 0.002433649 0.005163801 0.999983788 0.000201624
0.999996006 0.001168208 -0.002574524 0.000226884 -0.001183984 0.999980390 -0.006134960 -0.000301725 0.002567307 0.006137983 0.999977946 0.001202091
0.999995112 -0.000208557 -0.003125932 0.000570746 0.000205670 0.999999523 -0.000923989 -0.000033645 0.003126123 0.000923341 0.999994695 0.001202315
0.999983430 0.005168251 -0.002523978 -0.000080896 -0.005224169 0.999729216 -0.022674732 -0.000314896 0.002406105 0.022687541 0.999739647 0.004400076
0.999985635 0.004633690 -0.002676489 0.000414730 -0.004690368 0.999756157 -0.021573508 -0.000242860 0.002575871 0.021585755 0.999763668 0.001449767
0.999990225 -0.001749360 -0.004048275 -0.000203663 0.001752466 0.999998033 0.000763839 0.000287288 0.004046931 -0.000770925 0.999991477 0.002402881
0.999973059 -0.002043040 -0.007063234 0.001106189 0.002106840 0.999956846 0.009037210 -0.001080852 0.007044467 -0.009051844 0.999934196 0.004615278
0.999962628 -0.007026547 -0.005033391 0.000955297 0.007204459 0.999316812 0.036246434 0.000614387 0.004775265 -0.036281340 0.999330223 0.002629423
0.999897122 -0.011898936 0.008001488 0.000716770 0.011213986 0.996668041 0.080791421 0.000468330 -0.008936156 -0.080693394 0.996698916 -0.005569780
0.999866545 -0.002214665 0.016185356 -0.000559827 0.000813646 0.996289611 0.086059876 0.001438795 -0.016315892 -0.086035237 0.996158481 -0.016396003
0.998795152 0.047867928 0.010817028 0.001263241 -0.047912929 0.998843729 0.003940053 0.001295404 -0.010615915 -0.004453577 0.999933720 -0.013059453
0.998675823 0.051022884 0.006582116 -0.000079658 -0.050903402 0.998555481 -0.017195711 -0.001061126 -0.007449984 0.016837886 0.999830484 0.012572586
0.999955595 -0.000393454 0.009418821 0.005169319 0.000315657 0.999965847 0.008259950 -0.014709826 -0.009421749 -0.008256610 0.999921501 0.013099199
0.999711394 -0.013372971 -0.019953849 0.006703042 0.012886177 0.999620974 -0.024328263 -0.029292261 0.020271627 0.024064118 0.999504805 0.072279312
0.999830782 -0.007856977 -0.016632335 0.011462016 0.006963438 0.998564124 -0.053115457 -0.039107807 0.017025780 0.052990653 0.998449802 0.078519061
0.999418139 -0.009161497 -0.032853708 0.020211643 0.007195984 0.998205185 -0.059453160 -0.071415626 0.033339415 0.059182145 0.997690320 0.107465111
0.999996006 0.001975760 0.002016747 0.021358894 -0.001900953 0.999333858 -0.036444075 -0.082979687 -0.002087411 0.036440097 0.999333739 0.070332363
0.998935342 0.015433621 0.043474104 -0.003230429 -0.014131648 0.999446988 -0.030098010 -0.109846517 -0.043914594 0.029451607 0.998601079 0.025268022
0.998512864 0.004715587 0.054311458 0.012250348 -0.002791450 0.999367535 -0.035449348 -0.118193358 -0.054444280 0.035245024 0.997894585 0.002117732
0.997067094 0.010052333 0.075869493 0.027651113 -0.004145095 0.996974409 -0.077619866 -0.119335920 -0.076420203 0.077077739 0.994092047 -0.035375487
0.995713055 0.019726383 0.090368085 0.033338908 -0.010097621 0.994336843 -0.105793342 -0.138234198 -0.091943227 0.104427315 0.990273535 -0.046794623
0.995843589 0.023943942 0.087876052 0.058403578 -0.011053870 0.989466786 -0.144337505 -0.162763685 -0.090406440 0.142766237 0.985618830 -0.047617186
0.995843291 0.006338690 0.090862066 0.063395388 0.009802508 0.984322965 -0.176102981 -0.164787635 -0.090553895 0.176261634 0.980169237 -0.039297890
0.995922089 0.020395778 0.087881207 0.074430570 -0.002066042 0.979010701 -0.203798592 -0.165076822 -0.090193272 0.202785954 0.975060523 -0.003866740
0.996487856 0.022046827 0.080781616 0.101164222 -0.006456482 0.982074618 -0.188382223 -0.188500628 -0.083486803 0.187199056 0.978767872 0.006493911
0.998148143 0.016032450 0.058679394 0.091715433 -0.003814284 0.979240239 -0.202667385 -0.210602641 -0.060710490 0.202068269 0.977487862 0.064704292
0.999303341 0.015339416 0.034022007 0.177471071 -0.008255267 0.979898155 -0.199328214 -0.221144393 -0.036395676 0.198908538 0.979341924 0.070673123
0.999214411 0.024555042 0.031103285 0.192205682 -0.016880417 0.973857105 -0.226533696 -0.229882494 -0.035852693 0.225830734 0.973506570 0.085752100
0.999307990 0.008297944 0.036254711 0.190344080 0.000464338 0.971933842 -0.235254079 -0.232352242 -0.037189309 0.235108137 0.971257508 0.104837045
0.999782383 0.002715504 0.020683002 0.215945348 0.002547860 0.968172252 -0.250272155 -0.219958186 -0.020704318 0.250270337 0.967954516 0.130217120
0.999385536 0.011851430 0.032986421 0.204568788 -0.002624861 0.963765383 -0.266738534 -0.204989463 -0.034952398 0.266488016 0.963204265 0.153439909
0.999361634 0.022040386 0.028115047 0.218939826 -0.013682432 0.963131070 -0.268684596 -0.231270999 -0.033000380 0.268128425 0.962817729 0.160858452
0.997673213 0.024921875 0.063459456 0.187724531 -0.006356534 0.960742116 -0.277370155 -0.225507230 -0.067880735 0.276321322 0.958665133 0.166427448
0.996134102 0.019164985 0.085729666 0.207119003 0.005251590 0.961174130 -0.275892526 -0.227958143 -0.087688610 0.275276184 0.957357585 0.145442411
0.994254351 0.018074734 0.105506301 0.191435188 0.012621306 0.958970726 -0.283224106 -0.223445699 -0.106296644 0.282928437 0.953232586 0.152297169
0.992931247 0.031769916 0.114359885 0.218058735 0.004700211 0.952230215 -0.305345297 -0.168291450 -0.118597716 0.303724438 0.945349693 0.156383678
0.990902305 0.034038238 0.130207866 0.224915251 0.004812474 0.957908094 -0.287034869 -0.161927134 -0.134497315 0.285050124 0.949029505 0.144077063
0.987545729 0.059201531 0.145769179 0.234588221 -0.011652969 0.951482534 -0.307481915 -0.171901047 -0.156900242 0.301953763 0.940322399 0.143599391
0.987354815 0.040613279 0.153235227 0.233081505 0.008694200 0.951297820 -0.308150947 -0.163897127 -0.158287361 0.305586576 0.938915253 0.173511088
0.982456565 0.060299385 0.176474586 0.225735545 -0.000735298 0.947529733 -0.319666803 -0.166018888 -0.186490655 0.313928902 0.930951118 0.149360761
0.980966151 0.053466592 0.186672598 0.220141888 0.009693017 0.946663082 -0.322079271 -0.169116110 -0.193936527 0.317758262 0.928126276 0.160752103
0.982617259 0.041782722 0.180880159 0.255682737 0.017033236 0.949940920 -0.311964869 -0.173205614 -0.184860229 0.309623063 0.932716548 0.162214905
0.979162753 0.045683183 0.197872251 0.231848955 0.020375300 0.947352469 -0.319543600 -0.170496464 -0.202052534 0.316916823 0.926681399 0.180525005
0.975674450 0.048879780 0.213705704 0.253535777 0.018344117 0.953203797 -0.301771432 -0.178674310 -0.218455613 0.298350900 0.929119945 0.144813925
0.968938649 0.068505280 0.237623602 0.254319787 0.008853525 0.950641453 -0.310164869 -0.161934584 -0.247142792 0.302634478 0.920506775 0.114799999
0.960763216 0.082987815 0.264664173 0.266641557 0.010931934 0.942120969 -0.335094750 -0.088033542 -0.277154416 0.324840009 0.904247880 0.114333242
0.943463624 0.082544632 0.321033895 0.216081053 0.032277573 0.941017807 -0.336813897 -0.050556019 -0.329900771 0.328133881 0.885151684 0.091555253
0.928512096 0.066131867 0.365365237 0.197619304 0.057345860 0.946662664 -0.317082435 -0.044627100 -0.366846919 0.315367073 0.875195324 0.064911216
0.911731660 0.060853131 0.406254083 0.165950716 0.078739285 0.944740295 -0.318223208 -0.022726415 -0.403169453 0.322122335 0.856557965 0.050462365
0.889917910 0.044779383 0.453917325 0.144196823 0.100770533 0.951276481 -0.291407794 -0.032721475 -0.444849908 0.305070490 0.842045367 -0.018846367
0.870147049 0.052049004 0.490035862 0.113830753 0.105244175 0.951836050 -0.287979007 -0.014753778 -0.481422722 0.302157462 0.822759449 -0.020943493
0.862412095 0.039238907 0.504683673 0.143070668 0.117677450 0.954136610 -0.275272936 -0.023840874 -0.492338717 0.296788573 0.818241417 -0.076771930
0.817046285 -0.010659888 0.576473594 0.084639609 0.176670536 0.956363857 -0.232713684 0.000698108 -0.548837781 0.291983753 0.783276796 -0.140648872
0.792632341 0.014753890 0.609521449 0.071032763 0.161143571 0.959088683 -0.232769385 -0.001047418 -0.588019311 0.282720983 0.757827282 -0.180532217
0.762990713 0.028724995 0.645770967 0.053583458 0.160880581 0.959138155 -0.232747585 0.002311613 -0.626069129 0.281476259 0.727192104 -0.248433471
0.725647390 0.041748442 0.686799109 0.013056062 0.162721366 0.959431231 -0.230246484 0.002442557 -0.668548882 0.278834641 0.689415336 -0.264316142
0.710443258 0.047860317 0.702125132 0.012865201 0.169638902 0.956619918 -0.236856520 0.019384895 -0.683002949 0.287380844 0.671505153 -0.295990586
0.696900427 0.062145799 0.714470208 0.001671135 0.162776515 0.956531346 -0.241974339 0.017601561 -0.698450804 0.284931004 0.656491220 -0.334344387
0.654991746 0.051663209 0.753867865 -0.050843343 0.193368763 0.952980876 -0.233315349 0.026333794 -0.730475426 0.298594087 0.614204466 -0.343663633
0.632203221 0.090334982 0.769518495 -0.085953683 0.158318594 0.957163811 -0.242430702 0.038668383 -0.758455157 0.275094569 0.590820253 -0.358291328
0.598741949 0.104121022 0.794145405 -0.116845727 0.156306610 0.957260251 -0.243353724 0.017279722 -0.785542071 0.269836247 0.556877077 -0.343650013
0.565289855 0.071294039 0.821805656 -0.162902772 0.194843084 0.956527114 -0.217006907 0.021175817 -0.801550806 0.282794982 0.526823938 -0.400106043
0.527007580 0.068188071 0.847120643 -0.212000042 0.197072327 0.959801197 -0.199860126 0.025835793 -0.826695502 0.272271812 0.492384523 -0.461678326
0.489653111 0.065997228 0.869415998 -0.253806919 0.207628742 0.959621489 -0.189780742 0.054267872 -0.846835375 0.273442477 0.456178755 -0.487519860
0.441890776 0.062685773 0.894876003 -0.325655341 0.227360904 0.957158089 -0.179319680 0.057445511 -0.867778540 0.282699555 0.408707023 -0.576734543
0.397744119 0.073401056 0.914555550 -0.357414782 0.249742046 0.950495183 -0.184899405 0.082086138 -0.882852495 0.301945627 0.359722555 -0.581557274
0.347136170 0.080938399 0.934315503 -0.424219877 0.266897112 0.946544647 -0.181160927 0.101174980 -0.899034083 0.312253624 0.306977689 -0.631721437
0.319667161 0.085076466 0.943702757 -0.465596497 0.274814785 0.944826722 -0.178267777 0.133521825 -0.906801939 0.316329867 0.278649807 -0.680515230
0.297224134 0.098181911 0.949746251 -0.501006067 0.268282413 0.946038306 -0.181757897 0.134910613 -0.916341841 0.308823079 0.254844993 -0.734003425
0.269320041 0.109154299 0.956844866 -0.524224043 0.268100619 0.945781946 -0.183353692 0.154554218 -0.924980402 0.305911511 0.225453690 -0.794011176
0.240599722 0.110123448 0.964357197 -0.568963230 0.272338331 0.945973694 -0.175970539 0.165139273 -0.931634843 0.304969817 0.197610170 -0.831642389
0.214077845 0.127511203 0.968458354 -0.600564361 0.264346927 0.946886122 -0.183104828 0.181257710 -0.940367699 0.295207620 0.169000164 -0.864347994
0.190134600 0.134270236 0.972532988 -0.631480455 0.263671786 0.947224677 -0.182325140 0.197053507 -0.945688128 0.291095734 0.144696951 -0.881800890
0.173694596 0.134441361 0.975579619 -0.656853318 0.268323243 0.946696997 -0.178234056 0.200603664 -0.947540402 0.292728990 0.128362387 -0.925945640
0.138282552 0.144742861 0.979758799 -0.733054936 0.261456937 0.948833168 -0.177075952 0.199818835 -0.955258250 0.280651242 0.093363032 -0.934218347
0.125911504 0.157204375 0.979506552 -0.733035147 0.263953447 0.946464717 -0.185831442 0.252672255 -0.956281781 0.281942487 0.077676155 -0.967685997
0.097789332 0.160023630 0.982257426 -0.775598764 0.263822824 0.947507977 -0.180627480 0.243202016 -0.959601402 0.276805371 0.050438277 -0.978751361
0.084235974 0.171641812 0.981551468 -0.803113580 0.259907216 0.947168887 -0.187934384 0.276901633 -0.961952448 0.270943165 0.035174746 -1.008626580
0.062104486 0.176597044 0.982321978 -0.826426625 0.261513233 0.946956694 -0.186772645 0.283890963 -0.963199854 0.268489689 0.012627788 -1.029336214
0.035886485 0.190512761 0.981028497 -0.863359928 0.265010387 0.944701850 -0.193152428 0.311003745 -0.963577509 0.266914338 -0.016585842 -1.040439129
-0.007461496 0.188566238 0.982032120 -0.920209408 0.273877472 0.944893241 -0.179354012 0.288576424 -0.961735606 0.267618269 -0.058694374 -0.994378448
-0.030268041 0.214291245 0.976300716 -0.950854778 0.274777323 0.940899909 -0.198002145 0.358218431 -0.961031497 0.262272120 -0.087361574 -0.979499996
-0.060902052 0.219434619 0.973724544 -0.989358664 0.279097199 0.940366864 -0.194461003 0.364220321 -0.958329737 0.259920686 -0.118513823 -0.965933383
-0.079508185 0.219206825 0.972433448 -1.023525000 0.282273293 0.940544426 -0.188939109 0.372691214 -0.956033587 0.259469777 -0.136657223 -0.966331959
-0.108154207 0.223743677 0.968628585 -1.048235297 0.283514351 0.940823257 -0.185664505 0.372140288 -0.952849627 0.254539669 -0.165188521 -0.938434422
-0.111852594 0.228459805 0.967106521 -1.070136309 0.286448509 0.939316213 -0.188765123 0.392457902 -0.951544166 0.255912304 -0.170506924 -0.949701369
-0.123344310 0.224788830 0.966569304 -1.075390339 0.290274769 0.939579308 -0.181469858 0.389084518 -0.948960900 0.258187354 -0.181142300 -0.932901502
-0.129973724 0.226038292 0.965408504 -1.087794542 0.285331041 0.941007316 -0.181910709 0.374668300 -0.949575245 0.251817405 -0.186801970 -0.933170378
-0.131760448 0.238159493 0.962246895 -1.082559943 0.285640299 0.938658655 -0.193208531 0.422835708 -0.949235916 0.249399319 -0.191706032 -0.929434001
-0.132140636 0.231541783 0.963808656 -1.087971687 0.285142899 0.940114856 -0.186755776 0.419448495 -0.949332535 0.250145197 -0.190249860 -0.931525469
-0.132495850 0.232762143 0.963465869 -1.092035174 0.279660881 0.941321611 -0.188953385 0.421745986 -0.950912595 0.244408190 -0.189815640 -0.934620738
-0.124363989 0.232462525 0.964621603 -1.085391879 0.280035079 0.940871298 -0.190635383 0.417521179 -0.951900244 0.246419698 -0.182108164 -0.937845767
-0.098332733 0.229630455 0.968297780 -1.059640646 0.272286922 0.942091346 -0.195764333 0.418170303 -0.957178533 0.244404763 -0.155163780 -0.946222663
-0.075542301 0.218211144 0.972973406 -1.030189633 0.261984974 0.945824385 -0.191781670 0.394404471 -0.962110877 0.240416765 -0.128617749 -0.961281002
-0.046389431 0.224905819 0.973275602 -1.004141688 0.254600823 0.944808483 -0.206192508 0.390495867 -0.965932965 0.238231629 -0.101090372 -0.981446803
-0.021477491 0.209318519 0.977611721 -0.986415923 0.257427990 0.946024060 -0.196899712 0.372388363 -0.966058910 0.247435689 -0.074202672 -0.978742063
0.028481603 0.210770562 0.977120459 -0.912230968 0.254515320 0.943770528 -0.210995525 0.358764708 -0.966649294 0.254701614 -0.026764229 -1.004390955
0.063795701 0.197549030 0.978214979 -0.873152673 0.253590465 0.944828033 -0.207344830 0.337388545 -0.965205789 0.261293679 0.010179445 -1.017855048
0.079818629 0.184780359 0.979533195 -0.840798140 0.254724890 0.946261346 -0.199260563 0.308063447 -0.963713765 0.265416175 0.028461128 -0.996097744
0.107665114 0.173880085 0.978863597 -0.799200177 0.251869649 0.947695911 -0.196046725 0.291632891 -0.961753547 0.267653406 0.058238685 -0.978980005
0.131632000 0.177712306 0.975239158 -0.770874381 0.252069980 0.945461512 -0.206308991 0.305265903 -0.958714664 0.272985369 0.079657063 -0.965969026
0.163439170 0.165941447 0.972497344 -0.714464784 0.249662578 0.946708322 -0.203499585 0.283486933 -0.954440296 0.276056021 0.113299862 -0.927907467
0.182740971 0.156542525 0.970618367 -0.697792649 0.251171678 0.947048485 -0.200029910 0.250634551 -0.950535893 0.280345500 0.133745536 -0.899381161
0.171076864 0.364475578 0.915363431 -0.600145340 0.215702027 0.892666340 -0.395751834 0.799206972 -0.961355984 0.265149742 0.074096441 -0.649207592
0.215648726 0.136327997 0.966907561 -0.655976593 0.261008590 0.946128845 -0.191610873 0.196907207 -0.940941155 0.293691814 0.168448702 -0.876797616
0.218730986 0.133182630 0.966653526 -0.644372702 0.265407860 0.945173323 -0.190278709 0.197406545 -0.938996971 0.298177332 0.171390951 -0.865536273
0.219071224 0.126610935 0.967459321 -0.641288161 0.261756659 0.947571516 -0.183280334 0.193161473 -0.939942241 0.293390304 0.174444437 -0.854952931
0.224102676 0.125476971 0.966454089 -0.630428255 0.258130997 0.948616564 -0.183016792 0.195723757 -0.939758718 0.290486336 0.180198014 -0.859172225
0.220179677 0.126049101 0.967280984 -0.639365792 0.257402182 0.948961437 -0.182253599 0.195181638 -0.940885246 0.289108753 0.176496714 -0.844316840
0.217502758 0.123240739 0.968248069 -0.642498851 0.258478433 0.949308217 -0.178893432 0.195109352 -0.941212773 0.289181083 0.174622104 -0.845825851
0.215249896 0.124226131 0.968625486 -0.639567852 0.257928938 0.949422300 -0.179080784 0.201643199 -0.941881180 0.288383633 0.172321558 -0.854964852
0.207346261 0.125363350 0.970201790 -0.654585004 0.256878853 0.949976027 -0.177648649 0.195953116 -0.943939030 0.286059111 0.164770782 -0.862422764
0.209129825 0.124048419 0.969987988 -0.653388202 0.258991688 0.949474037 -0.177263692 0.198953941 -0.942967653 0.288289934 0.166435838 -0.869660854
0.201543853 0.121661402 0.971894264 -0.663078725 0.262615860 0.949213564 -0.173281431 0.210516706 -0.943616927 0.290158689 0.159357950 -0.865993381
0.193830878 0.123465173 0.973234773 -0.674184918 0.260739625 0.949885249 -0.172432303 0.209002793 -0.945750713 0.287183583 0.151924834 -0.866764903
0.192103878 0.121613674 0.973810136 -0.675716043 0.260776788 0.950291872 -0.170120120 0.208994061 -0.946092904 0.286627769 0.150840744 -0.875467777
0.188188553 0.122722395 0.974435389 -0.685724020 0.262544960 0.949769020 -0.170320064 0.214492276 -0.946390569 0.287885427 0.146515504 -0.868834913
0.188987821 0.124578811 0.974045098 -0.684907556 0.262286365 0.949478507 -0.172326565 0.213920876 -0.946303070 0.288046360 0.146764517 -0.874863863
0.189010009 0.124926738 0.973996162 -0.684315085 0.260987848 0.949810088 -0.172470883 0.212436542 -0.946657598 0.286799908 0.146919265 -0.881710172
0.196287602 0.124004692 0.972673655 -0.672951460 0.258947998 0.950199962 -0.173395813 0.213229254 -0.945736289 0.285907328 0.154401749 -0.877762914
0.202925146 0.122613654 0.971487105 -0.666544318 0.257725745 0.950459599 -0.173793659 0.220557272 -0.944668651 0.285644323 0.161271438 -0.869300663
0.209843069 0.121316254 0.970179439 -0.665769696 0.258880883 0.949964106 -0.174782544 0.211999685 -0.942839682 0.287837893 0.167936921 -0.818587005
0.240805522 0.121534064 0.962934136 -0.635462403 0.261827469 0.947212577 -0.185026258 0.175361633 -0.934590340 0.296677947 0.196273074 -0.789575696
0.277949870 0.125903249 0.952308893 -0.598964036 0.262311459 0.943746924 -0.201332018 0.173604846 -0.924086869 0.305761784 0.229288474 -0.778419375
0.313364863 0.120791219 0.941919267 -0.562609673 0.262970865 0.942050755 -0.208295196 0.152996093 -0.912495971 0.312969685 0.263441026 -0.752091527
0.364105284 0.138228551 0.921043038 -0.501883149 0.244442374 0.940073609 -0.237717211 0.138075590 -0.898707569 0.311696023 0.308496833 -0.675084233
0.421480119 0.177782133 0.889240146 -0.446579665 0.199199975 0.938493311 -0.282045573 0.117595144 -0.884688556 0.296013266 0.360142082 -0.624147475
0.496861041 0.206739798 0.842845082 -0.373252213 0.153157890 0.935075521 -0.319650114 0.068950191 -0.854208291 0.287910044 0.432938755 -0.579069555
0.554547250 0.211971208 0.804702222 -0.313215762 0.130851299 0.932771206 -0.335880637 0.033261597 -0.821799994 0.291558027 0.489528954 -0.548831701
0.587666929 0.200322390 0.783912361 -0.282831669 0.127613485 0.933790982 -0.334289253 0.040578142 -0.798975825 0.296488523 0.523194194 -0.502289534
0.607819915 0.195174396 0.769715488 -0.240169942 0.122762606 0.934573591 -0.333918661 0.008552551 -0.784528077 0.297454685 0.544092298 -0.457624137
0.640404940 0.194119826 0.743100882 -0.227575362 0.114579856 0.932557523 -0.342356443 -0.008826703 -0.759442568 0.304391205 0.574972272 -0.428783417
0.664734244 0.174397245 0.726439297 -0.205695719 0.117875844 0.935707808 -0.332499892 -0.058592275 -0.737721980 0.306653708 0.601439774 -0.406037867
0.717519283 0.182698607 0.672151268 -0.085065752 0.090735167 0.932248950 -0.350255698 -0.053269580 -0.690603495 0.312302977 0.652329326 -0.376570284
0.739936650 0.190367907 0.645177364 -0.040297017 0.078239419 0.928254366 -0.363624036 -0.038495488 -0.668111145 0.319537073 0.671955049 -0.332578778
0.752076447 0.182972372 0.633168280 -0.035410345 0.083034515 0.926731586 -0.366434216 -0.034732893 -0.653824270 0.328161418 0.681779921 -0.311949134
0.757956505 0.190192759 0.623961985 -0.029378876 0.076253831 0.924156725 -0.374325663 -0.040887184 -0.647832632 0.331302136 0.685967684 -0.306233436
0.772881091 0.193981022 0.604173958 -0.006537043 0.063344374 0.923786938 -0.377630889 -0.047073074 -0.631381333 0.330134809 0.701689780 -0.278405070
0.794689894 0.202262610 0.572326660 0.015201457 0.039967310 0.923372567 -0.381819189 -0.053572532 -0.605698466 0.326302260 0.725710869 -0.251268446
0.811527967 0.203841045 0.547604918 0.034689151 0.029147845 0.921887219 -0.386360317 -0.065537453 -0.583585978 0.329503715 0.742195904 -0.236213326
0.827102661 0.192414999 0.528088629 0.056717001 0.037104238 0.918832242 -0.392900229 -0.042188555 -0.560824633 0.344563216 0.752829313 -0.230755031
0.831694543 0.196286961 0.519379914 0.061737105 0.033045173 0.916269302 -0.399197549 -0.041786969 -0.554249048 0.349173486 0.755569935 -0.230236888
0.829840183 0.201835558 0.520218909 0.063316673 0.029730514 0.914972961 -0.402418405 -0.039318137 -0.557208538 0.349409372 0.753280759 -0.213539660
0.812699795 0.201779947 0.546629548 0.035433896 0.048541963 0.911419094 -0.408606112 0.003787100 -0.580657125 0.358608514 0.730915308 -0.286351234
0.788182974 0.209543735 0.578670084 0.006652132 0.058506396 0.910483181 -0.409386605 0.004933842 -0.612653732 0.356527448 0.705367684 -0.364612877
0.733112693 0.230409130 0.639888644 -0.045429453 0.074172430 0.908165455 -0.411987871 0.009836882 -0.676050484 0.349495620 0.648697555 -0.374261677
0.661052525 0.240008101 0.710918903 -0.147287831 0.103581257 0.909202099 -0.403264701 0.048110858 -0.743155777 0.340216994 0.576170027 -0.324920893
0.588597476 0.225318387 0.776391983 -0.175380081 0.140804321 0.917123079 -0.372906655 0.050915182 -0.796069860 0.328811258 0.508090436 -0.406619191
0.459456831 0.260793030 0.849050224 -0.279120654 0.144810989 0.921136975 -0.361298323 0.140506342 -0.876315713 0.288952798 0.385456920 -0.529586017
0.445603788 0.267415136 0.854357302 -0.263799608 0.134718835 0.923445165 -0.359304577 0.155949950 -0.885035634 0.275205463 0.375464827 -0.513934016
0.378963053 0.198457837 0.903881371 -0.326988339 0.191568971 0.938753366 -0.286432028 0.191399470 -0.905366421 0.281702697 0.317734450 -0.573830664
